1000 16 8298
52657
43583
16846
44461
21175
23381
28190
9518
41206
42736
51354
39136
2765
59500
2149
33214
20096
1698
18911
1605
58406
53820
39782
14594
56337
42222
53081
15040
52788
8261
27154
4142
34134
20602
53178
51421
65444
52717
6323
42372
46352
26632
60635
24199
62540
6476
7643
7850
53144
27887
35013
34487
11271
53674
19930
49521
35753
21621
11009
38975
18805
11110
55879
42983
45508
9739
16562
18672
52623
40975
52096
21789
2786
13739
40736
22002
59013
5399
7271
33963
3476
40114
14204
43877
57228
47988
31105
50453
15525
18245
41552
30992
5828
21804
1175
38468
50753
51192
60848
10770
59661
56006
12947
5997
4303
9261
27566
45729
50883
30542
21542
17396
12821
30287
44161
13339
50974
60974
9367
52853
35379
42807
49812
23223
47321
18592
28660
59381
37426
59220
57591
23591
31403
36871
38673
54581
6473
15400
26377
50037
63873
3228
61926
10659
63620
5071
22081
23469
46354
35331
32724
63868
49887
32721
56219
7645
39561
20480
60109
18935
9227
38777
44222
26147
37921
31105
793
57345
46254
41832
1725
60889
25809
52111
49082
25007
47986
3773
605
8033
27681
1187
58635
64741
61564
36857
60853
31861
7099
51845
23696
22438
61531
6754
5064
30727
40227
60050
46072
7028
16444
56260
19079
46078
42559
64804
48646
43261
47236
39361
15187
58647
48360
16901
55258
14963
4324
27295
34376
35723
2013
33389
10592
16776
18935
27408
55301
7513
24223
1582
41700
44034
50652
23663
52547
32015
65169
6984
10377
49403
5258
53598
46908
50988
1412
23973
52567
22755
36446
55519
63994
2839
20497
57165
64799
43258
40682
17946
274
3508
52936
64048
6189
3537
46328
63745
31477
54356
13549
52909
32761
46843
60922
18706
35224
41238
61305
55602
3085
51489
43039
33789
61169
48219
53242
25953
35323
12002
601
18221
43475
63618
44448
23723
64095
61255
9190
50411
8762
59158
49895
36111
12537
56586
1738
33861
36423
37768
51773
63263
56410
43683
39471
26803
31645
63136
40815
16394
49818
64482
56585
56017
14902
13601
57321
11331
33004
2893
59230
20206
31708
39368
33277
32763
32590
1817
862
10882
52532
11052
14408
45292
37888
38287
831
7151
51630
3435
24481
35510
52334
33261
24127
4214
57823
5851
4671
45499
44129
1974
48098
48066
40407
64874
5352
56773
59869
34473
42160
19397
35682
9965
37947
22879
38369
30564
15059
21311
53767
9962
38555
671
27654
6950
6706
50351
25210
4629
37784
26211
56421
8991
39595
14292
26228
63372
64485
8221
55578
4982
57103
14878
59867
36661
7466
2904
6651
57139
37978
63517
54899
28200
53139
49164
26436
213
12246
21814
27090
24550
44952
13467
60034
1791
33597
28458
1120
33425
39126
64724
5351
41292
14553
57682
53973
13914
33518
60441
28632
55387
57127
61168
43143
7701
8590
27113
39239
4998
53039
61158
57604
31008
41576
50009
42124
64517
62400
3697
37265
2929
53859
26282
30339
43194
27897
14856
33655
29148
52304
28774
4860
48303
31531
15782
48710
31362
60001
47046
3121
21186
8278
46088
3999
18762
57193
6506
26265
42576
60004
64309
46612
47474
18503
25044
7558
15498
54984
21244
57941
46533
57300
16761
8673
12068
947
35636
22739
2922
19989
51116
29440
2527
26619
34670
59098
28602
42178
53863
18068
6319
32185
37180
18971
44145
19084
14951
50703
37468
31573
8960
15684
21813
62453
62178
13621
50683
51411
38633
43979
33713
8618
13747
19969
19204
38111
3793
41662
12803
32082
52116
43489
20355
45384
8955
19943
60409
8151
22030
56830
32042
25346
45465
13757
64328
23561
64220
7769
20111
33510
4023
36798
21644
44431
32602
35972
27821
11484
58377
24745
4933
63803
4456
7544
3491
18055
21523
56534
20754
256
23990
53739
58651
13314
30169
9854
26984
21842
43610
49664
19769
34690
12463
34938
34963
57772
6987
47622
46085
27843
46069
11703
46052
8079
35295
33919
27158
63789
12972
20057
22656
64316
60612
54538
45342
51221
47600
62175
42535
54855
51710
44503
14995
52345
40180
4684
4383
53244
45006
46732
34307
42619
64013
50694
4395
828
60391
26646
57790
60280
10876
32806
46996
55323
18868
20586
19754
23778
60285
20430
42537
61474
28778
13224
9314
38111
63052
49551
53364
14131
57059
16565
13541
48830
28582
29495
8792
51259
6601
9015
34021
23889
51378
48131
29923
4866
51840
63300
20056
40592
37685
63871
924
250
3244
4608
64070
50737
48509
36238
51499
13592
13677
55428
38473
49419
21685
62074
2337
9726
53261
48180
64665
4046
52338
62084
28506
32938
28267
19418
18035
53933
1917
27199
14166
26529
65342
252
55561
16138
36756
48527
4474
31260
962
8704
31345
54749
15315
15166
10130
21170
61360
6519
24395
28468
13724
28431
14334
46350
34244
46322
12005
30322
57586
65526
26474
42470
23389
53507
6045
59761
52132
39578
15110
30573
21910
29015
56842
62255
39165
57611
22186
7577
63283
48986
46507
32163
65100
4346
36044
23941
10962
19602
14935
7564
18186
41270
46882
59135
18189
60436
32597
59727
2268
47730
38890
27861
61855
7428
44136
19916
31509
51152
10106
49762
46283
31850
29053
46444
28402
63346
7618
25072
43384
44032
7442
22343
35803
23668
65223
6789
30020
59105
43702
23255
55631
12105
58597
22261
55653
49829
30622
56821
25498
14302
18197
16199
27178
60322
46753
44683
10519
6861
12697
18503
6762
40819
36821
30154
15054
14676
37958
10619
3630
50019
18952
187
39230
13398
56615
30354
33357
7983
6062
55670
52279
9237
38427
48960
16320
51415
35337
29276
12763
36071
37739
43839
47575
6184
24908
18504
41329
29787
35158
39929
39002
47811
30919
6055
37428
245
16617
21113
61858
43622
15154
20478
4481
55755
42631
4060
34340
13408
64302
33582
47001
31322
10531
30749
46800
31092
52321
6946
49806
30966
13295
6106
54126
4716
26862
13726
5258
56734
37161
37403
23710
24728
60619
23620
3859
36305
22955
11870
51173
60735
33655
65
8277
55239
24278
27863
55963
63176
41711
58248
14173
58025
61438
38604
55174
35043
10504
51900
65522
10426
58934
56950
41953
54134
44166
55503
3637
45305
55747
5950
54798
21945
933
2294
38708
62741
36439
48804
42649
9043
39835
40393
4869
54624
49809
46852
26074
51879
34517
7522
17396
3637
37655
24751
15394
19882
48568
51010
14017
5959
6887
32041
24264
53995
