1000 64
986278203732935115
1990423596882123169
1359229848919029378
1145419224623575742
1763018337621106458
1298050553861772626
634964812893355157
-1400860915049382145
-1182484387174189348
-507257040340704034
-1468884509720909392
2052713354735502045
-1744721663216278663
1308424417709992238
517296369150272787
-1660266828696131325
-2061257232195239219
1112749957166107590
-1828587900621086589
-1655173311668189789
-860223417339052758
2223895493446992084
116109376592266028
-2080565077961043827
-835248605506143411
-837711134104803637
2149968981320121216
1557140224923743806
2148274390795275924
-1545529660642265998
554776127152845647
-302113090052306795
25253644352506842
-1991750540446766816
1945789903045856918
-774093423755007506
634059613874550675
2111893949086974323
1707103321633761936
-489014828997286377
-1353815868652204794
-1771526358268076613
423799360515975246
470262755558366935
-2149989796742565684
139283189537505436
-1783706312358512872
1927307752066060671
-864437719516570966
2025772176061464517
1814873816214159050
-1871798890013985564
-2281182689080944003
-545131011298130430
984309688802821826
1119344676459950945
2189274035982737469
-158447670773625479
-384947716354490812
-976167499871117451
-1530428633218268596
1048171532097136526
-352132126828270247
-736082537648281994
-642793631649158416
722547188169410926
-1796124822206532615
42337937102625434
-1024587323702943271
1156407287160380258
1797322543146426807
-1045305702569676709
2150258791069438301
1176572320439196090
-2072016911629026282
-101261871320774983
1536463462826714961
2079533301331409254
-2220658328671741789
-618249320705693890
-2176222574969547585
-876912318747787000
-350287215519292386
-1900294426903197238
-43085205371028353
79084794258856494
-1377894935090084249
586476341719903535
-240172956000505217
1718802694272456640
-173354077052753623
-1385650197474477052
290416479609576944
581072891035178610
1161712442698674274
1430834770175775659
310698526628445056
1324771845759067669
1501997542824409095
-252453208197353132
828084074684536033
1361792349104862159
-163614742995700593
-1974860188933756308
77426398284150155
-913927145332800757
452805067002105293
-315899010208567911
-1612843065778065797
-1037836353914373870
401593787952163824
-401852403597429878
-1276620712850002141
291693036453356637
1265970748919618772
-877621813802670311
-1247927166853678638
1119573483885127209
-524807665102826834
-761235542857276550
-1018071309042769535
-2258953198600490331
2293128247366780164
1610104015555246022
-1626552169614196859
-112696806098003954
-1423583616039414536
-1997357662914460420
-637907108057272051
354324529892287162
-2271209627106831208
-1791585738141836170
1380294448192370758
-2185805696119959451
-459590250687465673
253285628819556141
1830335492425149768
-659942528554347488
1062546234528440164
-488368622463660167
2015659850978642142
1290030092507892588
1524286793715877006
933735105817693788
-582571977451283721
2262386372718078588
1367097527031389256
-347169201197533455
-1032886938844507367
-825755526615380019
813955757355719245
-1395047535053474830
-2280379627414959160
-1697502563970546010
-2293270975777413511
-1276030674211741561
-766567637628543605
859448590924727100
57169664860508514
2168990715688886971
-1806823837900286154
1829838163635040597
-357171364214194499
-134927860779581305
-379109125971906604
-1262559133682544705
-2045054515448718592
-2135838863091747310
-1784612494070763805
1019201415256032556
1874379592357606438
1849029829099122438
-146929603964287733
-1171695642627116642
28180852986439466
-1852553871615364591
-1982401837489313772
-108665043421203198
-1622976690160752057
2145946815243375230
1558907126956857525
2255047360505812745
1446499745899932925
1489406716763040788
615568097373781385
1718039217630680899
1722692493074697802
35804371744502472
2224182194692462799
-363856246231479177
-1306381589736114824
482737629050481119
-280766947435175474
-832574231504940725
1758381622177481545
-2049539193099258879
2195474798208225965
-1848103617189771600
386316880310070279
-1304368500430812127
2107861979643805861
-515062158272105675
-2062710834031500384
-26436838453263812
1989346738714953968
2128385486500442388
955242219586787271
1416396529496124950
1999839039036125059
1472295438215903163
-1224682517026918401
-1829262661947365889
-992966094429618560
-1262143013584889573
2198356144033601247
1444092611891397949
380426179718439949
-1451399998399015207
-781090316315851101
-1967676190279652090
74134757007945431
2071002751576023849
-1804592732878193066
916072095759736565
106265508804845176
491072229328646671
2077696823900308968
-1204931333691072079
866236717439868363
2234212245352902078
2145300331541871811
2002863779540643975
-1956250383761488666
1150057436276196212
1371318798031314475
248994684288925754
523691505100282558
-2141857959388343204
977677167005536510
-1090498705054313028
1317370232594618811
-368256373164903427
-729464861278874337
858792143678852172
-1758906942474740681
-56100830395924518
1096042368645240204
-1238271655019754756
1506445371576444428
-1170540369968884042
-285476934774097608
-1125818604361044689
454389069347937137
-2201121596693385073
1762846665322240857
-1422008803129553657
-221500537272943428
-2066413927607113478
-808760279296833753
-367480932886460702
1162239861903935258
-1910928719758796918
-767251558649657966
1897931580493764833
853416038417485302
-501625115177684313
-1864767498238077513
-217337423370230784
2128675260204034212
577598045829003332
488072449895709066
-95745863586858046
656820234051227733
-1504577077750918269
1057725471583842856
-1868241297444216437
544720708670017929
312853437138736009
-175377031136471471
998915374782745842
-1373603560442724548
-562229592163746301
-532338502814300984
450268734043909897
157369759640801175
1098604520346868552
197490125943709364
84987599443683132
2302807449676973709
1251976278403109164
33454096796714740
610162235658937563
1944683262540465106
734807651548639092
-180080542415545556
712352921703899782
2224374731147835626
-2234849406971043209
-1192593141530941046
-1723646256044569801
397979473849013284
-119107634984865563
-2288561725339996978
1282161029065709703
2288300230965688653
-2197967913481222811
-2276865156529982270
-1677637819332316122
555964243972361024
1300903190491751519
-1114194267284642077
879510040101785116
-1493143598961263275
-1236607176838444781
-1780494776440446266
-58476417375869364
-18301295914716716
-427532882328409943
2039930627988776227
-1539033067879813411
-311666242665141292
942997444399756288
370004488279506125
-2072680481321299677
2169404366006952227
161436608196377249
-1338194969983006709
-1994999804392694267
1130256836672033832
1598157251076933418
1912230454610246410
-2051284380850442808
-1741733735349253216
-1979047911052881556
-1912979636567175506
-891085214927356425
1766180786490892064
331349904712543760
-853521334629676878
-1829946202060894737
-235817760246600518
-2261956797149890604
173795853232201961
1902316644829748100
-250743211030820409
739015099780900376
-321802173816543969
1729660605495325063
1234006544259309350
-2275791751104212589
-1668822484177080958
-1287317549437489994
-126689203077700184
-1498766913146047478
1999759243407350482
-1138512436434354916
192447469327578442
-1584918177760576967
239394234159699062
1258197404136661104
-1985698072861932964
273810473251648498
921321198751281656
774310437146052011
-74577238760635241
-1176080499515562785
2045607340979920140
1692548668858252181
-767436907095173451
-848955167192769414
811781488772558185
-1169654410708131371
-1352652794531225876
1450245563408917011
783680809767580878
1979439112664851717
75671446921725063
1840488083678497936
207964595456989732
-37255793146891205
2058732028247071251
743802099496271237
-1273863840440434637
214117373292800323
1725475857580845751
-924128061645622661
-389527778609359682
-1247065372662340199
-2184698236283417703
264379042775721492
1956036241262988211
-1756775916587601189
-1110346644044847781
-1831466458494060995
-213006469613524144
-358632662626053185
-747678207786268134
34446636152751205
2053024657827128093
569060587188951500
-1127337748008346044
638901099956483002
-1417961550661052678
1595708594048828084
-2081780057016386829
425084681634076944
-529679747395145599
-1457287602846571579
-923049991250403786
-330494043815772066
-134625633696222841
-627056770346672158
-1773822334283804489
1508144737376443553
-919990747861653450
-575723979484107989
2272545395866987110
-120229621322073852
-213648004238809409
897331059241894313
2140830571908399736
-1718448934841374179
330697353976660295
561863230147576032
1234377373008132493
-2001040660428476198
-2272911493402127405
-475889023846138779
-1524026881298489438
1814155021940571220
1985757228085893100
2086620815192395603
1687079360325327293
-518416232439867407
1613653713654871004
1765338645803429671
2292050384248425937
-1125861747922322019
163146740224495130
-1607057470423534809
276872218297810367
1918569168095847135
-793923757934978548
314411090036060617
1318983885211587254
-721681990781095699
-399568703274741491
-2279261462193355255
-1566311521366503730
1443376863626708113
-1387414034175709839
-1364737082105058741
-1964065175160008481
1786744228395270258
-2071942448905276660
860075010596289283
1640221997830337105
2073687646070725346
-585593149025917921
-2075361883759815206
278341145157603013
345935397580191451
-812250590421526459
339791873893608760
1539205824163646825
1711741509661156007
303462443669802335
-303308606374104054
2034645990719287788
-1227237101833885254
1422821771986307995
-259775702866937678
2171479064705547301
-570848159717501651
-2256118440579413124
-1443121890248923551
257963344967501796
-2160210233026685094
2250524179632985177
2025767638357235677
251652304585568564
-1639492073708579845
-1328404567495665753
-960140452250642688
-1846369041172513331
255635660081467178
1201600091606370089
-2224789571629705114
-1076435612140598181
-1141242888748170371
-1143723757657064876
1418832818657274123
653133770335332199
50127233196227551
-1797695384186440519
882685294055096901
775813697225270345
-682497540176798833
777494338787531516
-1848835665071670416
2124653871089137673
-639487999455784269
-1345042798553884682
1776209197447279231
519049434580235308
658748755234339153
212673295191420612
855907329164649952
-1709315818300524943
-50688631740537918
-1424828925608458839
-933384467436372428
-465183606634899598
1951093193294136800
-2165134384267108803
-49088005075079307
-580243647075508503
-693998139080023173
1589053194785804919
69797488813596511
-370503382409543195
1764512780038161469
-1941056434330716080
445280606545842118
-1900765505154038
2129003624525822426
-1056712270526055531
526503096078903137
1088514466415658342
-187182493393383532
-1783993475895478318
-1027788080297963088
1631343597033175965
238016106319269434
996297596515623970
-1044210122121797601
1531701891186527666
-1053844447394768584
510695600210285767
939747612795258592
202662183065283771
1595076279190395901
89446402078456423
-436729122240933183
-908765155248369352
426888137810849409
607898730847328286
1002837106366007133
-582494328581365324
118716945888329186
1380193847480596919
1037802354731482068
1886188021048271643
-1225839714623821534
1612585249413049446
1842973231609420701
1740034728104074541
1428472216348396522
616868479798401158
-1938170174841113653
-230567232954228231
-1946963873484498529
-343412324720481590
2233120616387037979
881442733438295327
-428411237290098448
2083247095601795581
1058113099774060640
1548129014111107600
1949144259878336921
-2275908277783454331
-622021628745036234
-2300706119458722461
-2225654774388155000
2074530453296253731
-754380287076758134
983178095820379064
495055156778238487
-2146317447068790120
-446446244453914776
-853634608376850564
1857648724202476108
-107816769949803924
1141862024082999445
-1622757741629477963
-1226720630068329960
-1454178309591224477
1401252972415748449
-1995573183335021217
160748239489379511
1879304058320838904
1155099061134600437
-2132460399085316926
-265336547283471197
-916586197818776479
763921466899682329
1626034633690082917
657806138664272148
1727218953240395794
474738696716703108
129710822519106012
45139170970671788
971403863429430074
-130752656768917810
2274639219538580390
750843231876127375
-12849290880326926
-1581016799885259285
-812694155527688237
-1777962359427027575
-712472848055362469
-1856801036355224044
1945755075228867729
997334651249991203
1554977448202675411
-1492455845753986788
362727091685631253
-694541892283573784
-739650100579924138
1519258296820363688
-1727854834475212745
1126582212590197009
-404440225775363354
-1943823878976441934
186055467361535064
-2138541674647601300
870052456700975288
382031881038147237
966024490021943754
2150600489962094799
-2144735389646973407
-469060294662301264
-1559459677397149515
-1094768554400162386
1329761121859381531
-36999602621909548
-2265419952230521552
584576687659372166
-1974851909435785738
1700301945392365369
1251072399002869345
-2205813724568229176
1549059118668529596
1453005251495758543
153648989565462183
61894395212660986
-2268837681315436109
1393702549873078057
-1620354133589914463
-2169583561405951389
-1162000252329850658
-186564196016703545
1828280501376229051
-174615224634303602
-541293672138926465
-1124652670489968348
67908513419304003
-1813027371879288195
2044081809538085177
-105135557593031204
-2064166163744363125
728824928921699538
-2143888055166812728
-1726369951242489000
-557618058279172729
239667066502220641
-2269002340099602986
-2215105130479062748
-244254098265918876
1356451222515718504
-1551612676730636472
-1965438597254497263
129946455849375464
-565976687349645293
2038092874247719203
-609200917925932319
2086347466003413538
1366928150098290566
-1630410347655095427
1146111057764716342
210454587366787897
-202237393790756301
303437652566120724
-559987947626707909
-861113674657570447
2090215115447230305
-1454226036302488287
58069304770218342
-2132468795193023732
77903323825037451
1913561566379918877
460063794630232791
-1000137505632919636
-737308754135162990
1191239230028677250
-458496131939002144
2193927343849466934
422594042128333607
270895025019140973
1661692998502913044
509132579356240401
2148607877824035995
-755191275639182518
950218618093741757
1651597562761472890
-1228177615133163967
706487247912276496
-2091576457794544293
1020626837850270054
-1192472603376107986
-2215748802102604897
-783471270566037634
106714074400254009
-1615871580218332442
-738402513235574613
115614922253067362
-1387777886910007132
-2200122636406529128
-666082025994695524
419047117442691101
832622133683865513
-780744310629671669
2042713142337130309
1876444574311211559
748827965379442695
662214296202744378
1779583532468258390
-705127377588288643
739887082282113662
-1301913346608799581
865180319830566716
312123453995923215
242402096272004477
1391990839634881793
-2272808246877677829
732727253585468219
433515069494665723
852930984362513849
-2125428525507780487
720215999484789274
-2162937064774115044
-1434317269496608272
1813670792354234320
-2165418719556198672
-410739605480460512
-2260244565823430697
-331890685644500780
-996373710530825932
1736179768012463454
-360944262933985605
-270891273185808919
-1113118137650316205
253125132236529734
2146608741385141942
-278272180953259016
1904763493095143565
-980095685198366584
-1404401739239101019
1731671870872972237
158932870964697434
-1655668974736986400
1797288904581553321
2092543369481409700
1589079051124087490
-195829991248248255
568427878508123389
821689879535817782
2248162990522628575
959647516504857109
-673936503400581824
2019643354291309576
2083291950556896185
2169119014802783068
-39361736533589944
1569161718180945886
884622567304975638
-1555069671140550568
714142545956984392
683766826008524603
-862701265692465538
-1262206369733982767
1917206064335801804
486499600870391578
-1000076719246377681
-2210941331557483623
1171306657307747496
694986806169443177
1861470374617520418
-2009047341729653944
2108156133626662396
434701075205760654
-454480616087727083
2077517819547842329
-2031970920910566430
1883946150601144804
-1573345415221394621
-1430807715614939182
-533393569327084053
-407861102432746254
216005983155331002
-2106965515921777100
-2046152068731817746
534270870137335120
2168031735075035007
2271054753882678589
-699033493813324770
1788649600201760591
1148756624590282824
-1761704380786175301
1797284476285358591
2023967161788052726
934126611144157327
197735353631584589
-1763446839503029718
-696098420697151562
1889903224465965263
568417788459789729
1211690334474428476
914617925544662753
367390392896688248
-1588617127641932106
685605095829492963
-2072007006119236467
-827063313919386936
1000194430330199347
-1719841412684130226
2146115380026190779
-2075912724408711195
-476540113472702686
1360771819336617588
317433177139543061
976015846780867045
-782389684315187368
2252494845491415428
1584246535025229308
-465334560565785612
2304872775565523744
-61111630850516225
2167471662587811438
2256091854470201236
494477428965864796
880290971870980338
-2108289278370244941
-1100754653240545864
908362942827185874
840747640920943630
707576835381973812
-1722386813110683223
-766543860018758431
1632898006975204196
1428658654368147822
30153265791637459
509882209704183647
-114295058022286934
-1537974293502070115
291394906023884345
318208971940272451
687341154032989079
991197895243908153
603661097311222734
-1649646002174462422
-101600783499977823
-1748429118086601885
-30537115927131489
685043162833171667
-507991750745476963
1090554685931929627
1524695128629564732
-2250705382290608312
-153769675428837932
1454978204406978438
-514369809720197426
1098109339251097626
277716416340712434
665694918552749787
-708327454721917205
-1581099543931044581
2245268734902208183
-904948477020239887
-401136427361824200
1628853087049040120
-2089032739269419201
-1441573806920693155
-188653097028630591
-1087269845351273320
2270166736020972831
2274338176284273872
-1301267233871600055
1482066766192605159
38694240693119211
-529502130866007502
850075321944116360
-1565792898589874679
-1272939153457191266
-2006600353806157788
-1230329546048538152
1114082761351899906
-1713003206777173734
691359277884173138
-977775727810049133
-490770053648678930
2287572414751682894
-1197072990980811736
-479758145407654784
-1156962714703288466
1236879061291474968
-1819106121597294617
-460820372613462319
61906453176120649
-284118032589676981
-768428254519443129
-143394762269571589
-1270872280520393275
-417102163248211140
-1345484089344880316
-991209946160548805
1086482532662207783
-1223217041659421624
1202557315704662045
-2296048091913887727
877295538412195572
2194132648867091692
1979037882992651451
983677056460601310
-2020347868431598989
974521391531122115
1167837050946774561
-1861389708761754206
1690226943160731517
-279919196944595404
2064225730820310318
1460038199499510266
404080593119655725
2269009178453837140
1552466060110611559
1372069984805240825
202487955075556682
1766241708438071905
-925734947572378441
-931490059131965102
-2220107757599460410
706527722486637288
611497320294783049
-1018910771684251072
1923872627510997128
1421290552696592180
2096050494942458482
1853320678906145266
1940314340691176184
-730472639561598775
-730442067399503028
1514081869700719234
69252477229013502
1960407318454751253
1854998509146301878
-1576276764519383838
-1518615944507601097
714798853087387894
-1164906346867408495
669140078467921838
-420778133034079346
-789616699216269650
754546239991661284
-473825370107710569
1582970148926584829
1164676862292282226
78511953834850770
624113965367669867
1344264842405154935
-1097767616282396447
-1079057861457754210
-1132550982824935684
912757190079947340
993331736491019798
1241506932720713040
-598192099293702937
-783511533074286983
1736731268251487359
873654398290488934
-2257344878150282071
227858123274654532
-1896175499762679571
-1153815076635138978
502532030619259663
1804701054235101570
-42495063220494073
-1290982540608360524
-1011862976212727416
-969330972002812944
-1844117629705588041
-1188990638906614965
1851737902977190526
1998346823408864341
-1197291210536605494
1652642847495020823
1045784754568016735
1491675713082218639
2137917377525273802
-472369540026344235
-437659354949517129
