1000 32
3313787488
3074297820
1381957753
839696565
742087177
2245247147
854480954
3109023138
3277186286
3685040744
2475331657
2140133000
1189234700
3871629300
2909941784
3207752281
898298896
1056941829
1581310913
953970375
2110292691
3633263625
666801748
1812141685
92170077
2268540621
2043407492
963681965
542559966
700107547
2752603711
3822908108
3729524462
3577684958
4099987889
2824821141
1699854514
3307034855
3681789539
64426477
2129961356
949086939
1096137192
540993669
2741661431
1696090033
1785959557
3811105596
2431639297
3559410614
2388828914
3990850899
1114186908
3934234267
3286705338
4219353103
867619464
1837641434
370844930
739317711
3430157964
2117764113
590715511
3861619095
1270501525
2902244737
1157360782
3902213948
1245005695
3692710301
3092355945
3565261098
2526071089
2035532546
3797282978
3708187771
1253521414
2772495813
2293502327
3127789416
905057411
847860841
3456172592
2771541478
3105827549
3002412820
2296300613
3423169869
115371029
623208927
2565111431
2348982755
346435861
3678970706
1276665460
1079784973
1131470043
2549838228
699427502
1477366877
2188579600
3655679662
3689705199
316995181
471245404
2951130902
81232627
3008383593
4026822394
3203369759
4177250203
944675528
3996561878
2771826346
3627460688
259678706
2032360981
3353849635
1568008201
3066466472
2487872765
4034424007
2923313303
1939573029
3911572693
1612489544
787740889
3397265598
4218351897
3522207981
528656720
2892136283
1845357176
3932428718
1121966635
3608453648
1229711072
3441023827
1954615933
4146546822
4179826151
183154135
2915738585
1763096455
2654774407
3092084060
2927600089
1967470323
4269955826
1536934842
3797075905
225972234
2111932562
1031579298
577618745
645578455
2024319337
263992823
4271081018
3673386723
4105552381
1918744839
4202388224
2214951354
140071522
1173220009
2654574050
333488583
2815990541
2338143247
2158999055
2381819428
374238437
1104685917
3960767332
2754459840
2762344264
1152616915
1825080956
3124320976
2725667085
1825716565
1206523917
732360929
1069137899
3328563109
3372140030
2867166062
513018220
2481963379
2041651916
964578410
1137272372
858310266
3969270846
703269371
2075757430
1580009602
3996075171
3724141886
3253661371
3596844428
936792834
3899531265
3923107636
1098200344
2243667706
3887063889
2080404856
3910253780
2920449161
427254356
601402586
4087748937
3777719495
4169213785
1860898233
759842968
3911728299
3627364192
2728575382
865488325
721638438
2143391629
800532191
1431948127
395559848
255325143
2178917933
2091605691
1011631111
2142385925
2876944395
2924531047
3760150681
3366979120
1101677999
2544417579
3405660291
2480417098
4177279460
430684119
4195822686
4203652541
2696408496
130139267
2359611852
418412668
3167731683
1061605862
3422116291
2551121039
682536943
3817118571
2240316825
3507750992
423131832
2987063196
4227106542
2792126824
3489323144
1361318365
655539591
596950258
2685644893
1356848864
2267706595
2786528189
1206309637
3900171942
4181379443
850235980
4145689969
1239140511
1596271246
2945527947
2838349041
3480632001
3968799352
526028090
3520982626
2808271964
3638071312
2807872179
1334819118
2450547941
1931221891
4249458624
138964316
2064833494
2985093504
2222739997
1169799438
1183048549
3792611938
3763007104
3816134859
143642836
2489287409
2563176364
1457285
127580070
4235623980
394507655
3451629831
1116421474
1289523553
839349034
243563573
1003055872
1759178122
3013146867
758559108
1257640076
3179913755
3429296263
2348237928
2788070726
4189805943
2491359470
1163531798
2253661600
1593725807
3926204658
1503830395
2809366005
2718390289
2302802180
1327813037
1605085577
1223368113
3321300225
597854928
3081339545
1107241316
1880893932
2001864681
1748509571
3538080797
1097030128
2218999771
4156122445
207505656
1283137098
1339719596
3414159255
3804664486
3703367987
2645834062
3209802257
3860512435
2192078866
2075859365
425851029
2384696082
2116681721
3959493674
1185965260
1594721775
1106913520
3553462709
4248479710
3515150290
1402623119
3201250194
2466155914
1897228920
569007733
4272682126
3695195913
982514598
503344826
813272413
2184740357
1035005406
2277909254
3913332603
2679352924
57962500
203862044
1359119660
4069401448
2764995419
429624496
3504234654
3412990211
2387052612
1716428778
1515410632
476109569
1581964237
4164145491
741884847
3335695489
1110834465
2024776022
2212478283
1382916056
2942350342
2135071737
1733912086
1621323379
1891976378
2856571893
1910879397
2484889896
1181095130
1311273953
3547535829
1625684556
3726844244
3389738202
1268268297
165778361
125981852
2179027971
3752769811
3927997361
1985407167
411290902
26017415
1816449837
1461120241
875538359
3553908507
2090848139
2233969770
882684760
3754936730
2769495827
2170362504
3281577342
1255319391
3572599763
2650172078
1679181340
486559527
976812033
508705486
4022095831
831146285
621004682
2947074920
483313704
1483684136
1931611684
3791203133
4275078769
920389268
2858826453
731257600
526224449
1499161621
2659899293
2863210454
3926997465
3612911871
2862812637
3035090477
1385561979
2229358381
887356531
696385216
2209048096
1253930982
1370663782
3076881998
1057576549
2130339316
273759385
2892378430
1714847410
1211328124
4006915138
1104635483
3140756773
260088469
1366837641
2441326062
2231308866
3248842389
120950632
4110047290
2403076618
475794579
2710196576
2750978033
2298956288
3745228274
1696785722
2228305152
4095331628
2860032489
4265620430
3775807911
3825108664
104979017
3726768584
1664246416
691962153
734963294
978850761
3722099846
112528087
947096470
3686726664
2255576353
3218130175
764042198
484141794
1230997455
3102054100
3592835048
336125730
3982025167
2263838596
573894758
1932806965
1422441883
4130397908
1994885872
2672949380
564244267
948535725
1914178086
3263941927
3531343820
3000325188
1233541084
3499759608
3740770173
2251936491
2154493711
4054115185
3430131288
3426093197
910954890
493021365
2385895290
1007055627
4093342181
2641086768
2865672666
1920354314
3772993120
2050746559
725180535
3047589795
28754206
2526466084
2512115369
6166453
180705572
1212267779
3113229224
4274610418
689517070
1087853230
37938042
1003542123
196283310
1853030350
3875329055
4144700915
691716119
460999986
1672256514
3873430859
1402350740
2321620708
1858208036
1420052251
3699877781
3192647356
1312927641
3829874060
3192132969
377630553
3491723639
1954175133
2817040053
3394142938
600433268
3263848782
2937410186
3019982406
3666409910
3921728886
1166016716
2780003335
1878308167
929487066
1975230162
1771188334
2273675147
1898740106
3653868455
2769285266
142857250
3905303246
1847925519
1084384038
302308931
2842283677
1916102286
2992557545
3948571399
3625381913
3025353342
2193871530
446002754
3679607147
1515221295
973230551
286905598
2681129395
4039186614
2571218945
3369945751
1932549857
1791162392
3420077349
3075359373
2989407575
1346372176
3536539812
3482388796
3178083363
2926587626
1311601601
718340805
3990857934
3933557467
561786375
2927002200
1905286549
1388505759
760670258
2838748681
3600430321
3021115510
1810404202
3719679245
1090625172
1853939872
74807980
2486287716
1962741297
1447823412
2482994505
3782537993
987722340
2545525443
2812118908
799027057
2029733074
3403745749
1400718755
1149481729
1144004773
3982922623
2486853685
389430395
937026861
2067840863
436233199
1522091082
2841997562
2801061526
3231801818
350301076
1356629607
2120997474
1905097093
3644788152
2828342255
1666022419
2665555825
3572497843
1763044780
3068210847
2618048756
3476166428
596787203
1460864527
397282773
2926231242
3414576237
647804055
1295194819
1398391678
331431623
833698153
2661596157
1381655088
442414787
3697441010
1906963856
2638757457
247076706
1894948015
4222733256
3405678245
2159270702
339320233
3487508888
3502611076
1245752360
1312828531
2646352315
2135280104
2501690187
1268843840
200139249
3995118580
1557970927
3393663666
2585130926
3428884392
360699504
765687891
2893648322
565962259
779697134
2295461182
3314197584
3646224566
357439064
1555281031
2891134229
3514042251
3900679415
1819506490
4290790080
2036856238
2848366284
3197579815
1444865415
3791582853
1437962133
1167019966
290932789
1785969139
99329654
2796844582
2874078944
2761098402
4167154011
675325627
3710180710
375644407
2656844502
373104236
2063230438
4196990177
1543703871
2838679759
693532794
2887417164
928036932
2553714581
2674824421
2783290644
2553197921
294823097
4177715225
3759625590
3998517796
4179802465
3156121498
3719224687
3447722511
1259995293
1676690908
222724553
3705422873
2236434224
487693392
2372955268
3088436982
2838573606
2066319343
802825328
1219562128
1491865694
348682603
3403600864
1195711611
3825037132
3840849926
334572346
3262054702
3471861679
2904451314
3118505481
3698180938
2781236120
2072357689
974124056
1510816017
2247014296
1701744762
293058333
1734617190
4100855245
3523483398
942946014
1635313031
1944983007
392244083
1150916395
934435778
3967318399
1353835028
37309144
3478047234
3073390043
2139985406
4239472237
2948717895
3896567418
778940946
4073741975
3514839946
3929079342
182589980
1225669784
2361553815
2862103314
896203497
3521860225
260213348
1018563726
3836682318
3732623910
750628902
1074469913
3188134940
3567092253
4181083251
241977119
45968740
2462651525
2851930787
4261987435
830470538
3507309429
3996695722
4224799237
577441283
1766037966
348803033
1488691316
1258326569
3682393306
4083106318
3271437189
3976046848
1875525291
3746853778
4132785967
3165699978
1251030478
2335854524
1823162211
2122719236
1376324537
1161737791
2167901254
733914853
722836822
921710060
3966494801
2208766639
3136549967
3685758377
1752713028
2352969090
870313202
948392037
3515232591
2291075194
1724267002
1341566155
3641809918
2732895779
3676614444
2050031284
2516349859
4125915730
1506968686
1501817894
2156148139
4051330179
1673112334
843569830
223578077
2269433724
203427938
2192436654
3247328817
1899136943
2750493574
1604433046
1571321876
2679572031
1221862218
1858549923
2956154348
134897353
1279576925
677343394
2390842347
3117815075
2157943475
3519043736
2348092169
2809808242
2230572923
1119178712
3427142512
1713688867
2835783589
3846271550
3077188292
1157672853
197132404
1853884264
523524237
4196652921
102744965
1339492872
2325331165
3883806730
3180791400
312926110
2710261143
218637627
1214025311
2961663725
159184643
3964828012
121962425
866276960
4030999373
827264663
817519685
954766634
2866044372
2597810953
2353535754
2096344100
1386030655
981883779
228992770
997503261
781839336
3049707135
2778384888
1799027067
1038419779
1361061834
308098968
685659024
3899978537
1697273674
457386930
2414366954
1423732162
1227512455
736148545
3179355463
1108505949
1734090279
270987133
203255319
2032683426
4100086971
2136748612
227806283
1803581543
3662311528
955588128
341213021
2102393541
1991604284
174155604
2068161223
1390544411
2658192842
3381084022
2643448003
1252874572
4025047842
381790486
1430606242
835728916
2123068231
2670423601
1071312764
