1000 20
181069
178128
629444
877133
505091
101464
82735
811982
307192
734424
370172
974786
475955
611559
555519
360485
914529
551951
378086
574950
338038
971419
928682
352717
578297
116356
970488
680695
305779
384096
256978
576917
965130
55063
851332
914123
353410
590562
189218
904332
20496
333549
399764
838946
1042037
7586
369217
682146
809393
176438
469230
555172
615163
323035
445372
883339
492575
619687
320711
809020
474719
915024
10920
809006
40020
327739
414244
856647
240248
746681
361338
102702
905532
270189
872902
316398
770910
108404
710548
819967
699288
945784
548034
242677
885315
94001
450067
212170
787074
554649
150229
888274
767002
831227
471097
250183
93980
471890
401312
173719
893710
750327
80647
891685
301813
935829
927835
584632
126594
1040421
750696
488425
129634
121802
73546
581731
318699
1018044
328566
454589
210474
484820
752046
1017935
736788
831596
1018718
719202
960707
594904
144973
698857
578734
159865
836634
780183
339227
758440
577864
53512
689934
21673
995281
937395
337789
130550
332365
938707
878082
579800
841375
113765
594043
135642
89907
470870
28503
309391
15248
944711
1002066
902456
658061
656109
189130
477251
686343
29840
148502
783873
448588
338616
198094
9703
466862
828299
1014584
434469
746270
213635
263396
237599
457964
739988
601773
890150
150162
671292
1045337
729337
696377
250807
8008
501474
939734
865220
170819
276145
1036404
234346
299862
349827
780779
884170
202102
269431
326935
615772
530700
939195
287971
8608
546783
179183
781089
364286
605487
282442
535818
876061
576354
771928
405465
744973
161544
908438
408980
830316
124958
811613
544500
260150
1047343
859327
943190
607462
986201
752006
225696
357637
211795
293055
484229
172702
812972
450320
94674
64020
315814
682102
310213
486593
383755
170375
291073
551924
638244
134581
971935
157696
987907
522635
918136
26562
1018259
447510
675784
277584
532022
313723
460023
713976
985303
991260
993000
694211
116311
182765
393638
644059
120523
416662
71946
855484
121584
511321
407116
479043
73645
597388
433668
567151
762060
677038
347889
438601
707541
225097
400417
550025
216802
148127
107547
395754
857379
674512
981993
898860
825039
554290
890104
617371
207598
125252
378883
496588
740751
875160
157943
676962
735789
997076
546975
348086
284917
203260
212946
832734
19753
246351
993009
970108
219405
411256
381010
364568
368144
857825
889946
61544
678776
731245
248795
364144
423470
86091
688717
119585
328987
815867
1007834
900758
444883
672827
933444
1021691
30036
238894
153268
466783
887106
875330
265760
582569
990950
317557
305935
848516
632557
530279
275131
737994
760172
693137
586585
676026
757575
843429
248237
68866
671876
617505
868061
53722
145336
854210
1008853
518200
637194
432552
667473
38420
126184
1021513
1046025
342999
864249
397615
582306
473111
1034644
160780
894462
945096
453273
803440
432949
238906
390912
961205
769640
990144
798082
91890
513858
908251
880753
497002
484743
1028468
943619
780605
807310
427870
514067
885493
887678
985339
313971
1043311
230807
586528
912591
584279
620406
938526
51906
107909
382642
607885
677659
500487
718417
741581
575957
386740
498397
335289
158394
1037244
990873
429782
531707
163001
35585
216272
435473
315253
691992
629816
446371
957589
928438
503880
104224
244808
221106
812104
1008035
831948
817121
685363
22722
103571
73902
288375
691977
397981
895420
872049
593646
423283
601819
409537
858497
940402
655259
889968
599747
507499
742441
128071
128076
146994
285512
658462
460784
507484
258499
315239
713138
810871
531445
74980
268113
151708
713178
12218
458592
96925
39947
802398
956325
900535
971914
783377
443350
330245
69648
668027
868276
526064
844044
237323
823999
648797
588380
900413
737668
736277
242273
665284
669641
425951
297461
727349
645038
967873
9210
824966
719929
699351
88896
1022023
912975
127326
479660
275369
243284
988293
505106
527260
180562
525488
417082
676176
308215
95750
937508
266544
888670
786391
533652
400815
365693
521961
698034
123028
912446
508120
687001
570048
656406
949014
955304
888329
1036990
402693
315320
477712
1047147
354541
94076
708599
347472
1041681
811144
98144
895338
371393
182894
401316
485612
973991
699167
283537
757925
871464
849313
648010
204367
719920
369387
257256
973044
50434
211346
232690
486587
712539
810948
4738
325523
793624
69641
516794
237160
618071
462394
998695
917300
340911
649309
643661
26267
726165
148481
710786
916810
252403
315158
291020
640149
32975
571916
724938
620297
23187
179342
857409
690682
162653
280405
15977
123986
468978
363170
42838
27220
63966
540044
100809
492423
706456
404315
1015493
885847
249382
147036
208515
553249
118383
333887
671782
65685
611027
493343
605968
553537
504900
344012
371359
428915
298738
1035743
194430
720161
446999
92612
373578
953989
924820
774512
883076
284823
895024
107499
905238
723423
175645
480384
93065
381393
914921
564273
960394
40592
607966
466220
685966
63468
803094
310860
225136
848225
178553
721346
13027
43016
624724
358104
936566
855639
291035
151963
76908
458214
217846
639489
121665
439703
867359
693955
326715
45071
1029046
935478
288505
803500
789447
814921
602722
963831
200082
421384
938235
970792
367706
457117
129227
620775
258026
619301
678366
570651
1017056
180229
680824
779505
415833
890194
112506
609706
992105
24004
410031
568268
261307
631998
1021473
271521
959038
73211
506624
364503
304512
218636
729850
926360
566055
444992
463238
182123
46063
100505
403181
137028
774997
1036928
530428
298688
766792
408496
193730
254940
560363
446920
834756
784090
725742
997882
190841
335919
220391
399106
906434
676048
806234
1027628
717371
203911
303290
127176
46797
339339
613426
318387
776415
521758
293396
678900
48785
555606
173594
294088
948680
813619
111139
701397
215531
218046
338334
256660
112710
188542
769232
794224
488736
168832
138482
117667
458742
564536
445284
706502
85461
290128
50671
282951
83559
558001
138457
981494
640160
931129
250963
105632
741759
581846
527929
808373
487925
264830
542690
783935
59156
865370
624281
563754
985152
311173
189852
1021713
366176
606089
889746
855828
204141
122806
596184
940284
600538
1010251
1041034
962048
704557
94239
408779
542498
939977
232031
295699
461378
454487
246372
752903
448771
83707
919471
211888
311769
259692
976459
218484
710812
609066
788095
836776
375085
772765
410920
813725
98966
746180
79777
927015
991456
714795
358759
830592
373793
56454
279308
369179
446210
665536
632100
647810
425284
216002
881554
289178
178234
936374
689490
810523
725287
311430
679793
51420
661216
314235
249199
479074
4018
484963
264971
807638
67058
922921
287358
462760
437839
1040662
546842
1021596
312699
475185
718213
528434
644564
596216
887694
732531
590873
780372
957866
442491
248695
555638
655999
989688
327519
987692
316872
867234
195713
853193
447695
791892
405580
99758
512717
136723
411894
266472
613732
700138
534465
73565
887980
95854
447585
698777
951001
807360
933737
197571
931302
767084
726897
739989
851937
937292
247786
83358
160981
812579
981307
62359
