1000 8
107
71
216
251
70
224
224
170
19
95
75
19
204
23
166
203
88
127
92
0
195
191
76
46
115
93
124
48
196
21
222
59
138
57
75
242
213
101
225
236
23
36
186
223
114
238
108
44
150
239
108
66
33
215
148
201
132
216
54
218
138
197
94
73
251
148
219
154
154
87
136
53
22
253
216
59
9
230
70
145
210
223
143
162
20
93
52
127
205
185
72
158
83
44
54
144
252
43
176
66
31
36
45
228
217
126
89
239
72
39
128
197
84
14
196
242
29
151
46
123
172
185
143
89
145
240
245
210
30
141
113
249
106
30
71
217
68
110
122
239
171
82
140
71
45
241
239
62
75
84
32
145
181
77
134
60
6
219
211
55
128
213
149
24
147
207
136
161
246
76
70
185
73
46
227
68
29
53
160
210
232
200
14
122
225
93
61
223
62
176
99
46
70
195
106
41
51
4
144
115
54
11
59
221
122
197
38
254
105
79
26
200
76
232
39
247
231
130
16
253
228
203
164
118
40
75
84
153
173
159
137
64
174
206
252
79
133
63
141
148
68
184
35
24
233
145
143
57
100
194
177
243
164
74
163
242
168
211
34
88
234
170
153
163
152
73
83
71
84
7
224
240
185
204
1
97
77
215
80
175
95
191
72
210
50
33
127
133
227
254
84
210
8
165
183
88
164
101
193
120
90
240
170
96
125
212
207
65
159
207
43
12
183
57
115
136
254
22
109
119
70
31
30
21
166
239
107
157
146
133
223
121
139
10
108
138
216
99
119
83
143
133
7
209
94
146
116
167
250
223
35
173
146
27
222
160
201
207
170
227
236
222
228
217
44
193
98
73
160
191
102
57
10
95
237
240
217
123
74
20
121
191
51
58
66
143
146
165
151
49
181
111
51
110
56
148
115
239
68
76
200
112
198
216
36
59
64
29
25
37
249
59
48
62
172
15
139
100
95
119
243
73
190
12
121
243
42
196
223
143
83
64
221
239
78
243
33
57
69
158
254
244
216
230
191
57
21
204
234
40
91
69
48
73
94
129
214
2
143
230
158
142
111
136
205
207
152
182
66
93
254
53
108
242
214
168
133
40
11
190
173
114
137
123
209
249
18
252
222
20
104
158
62
181
101
205
44
62
195
209
193
63
207
106
167
27
211
234
237
84
204
81
14
167
191
243
98
150
184
94
40
208
226
196
239
12
131
94
17
101
188
110
99
52
114
212
15
59
47
121
215
176
107
110
208
155
178
49
161
225
253
80
219
121
204
133
32
125
212
68
78
134
156
141
23
242
9
211
28
189
31
135
81
247
244
244
254
211
223
243
82
144
235
158
8
67
201
248
229
67
190
37
220
140
251
194
234
72
250
243
179
136
118
29
66
200
65
123
61
244
178
233
85
191
142
41
15
4
58
153
138
231
132
142
251
163
153
15
93
179
137
145
111
19
9
56
97
133
61
94
49
189
213
232
67
70
194
211
172
196
246
18
55
180
100
154
72
75
121
232
72
250
164
72
162
209
26
180
72
34
129
69
5
156
181
192
49
144
93
96
153
240
232
96
13
230
161
141
174
108
135
248
48
144
61
220
13
233
68
248
239
190
241
138
150
37
248
54
54
216
203
65
244
115
136
34
77
111
227
0
43
174
161
93
170
103
9
186
126
159
87
198
214
219
115
235
244
246
193
1
23
134
24
42
38
56
76
153
113
131
80
236
105
125
223
128
163
123
11
63
139
28
65
89
221
66
143
139
103
252
173
204
214
182
35
209
159
64
78
102
57
119
40
207
204
127
219
213
0
245
94
168
34
73
193
144
244
198
253
238
253
150
102
229
242
160
252
240
95
198
183
90
160
189
194
140
66
115
194
11
62
30
102
186
112
139
193
207
203
108
176
2
20
222
40
44
227
230
29
214
29
71
25
244
162
179
184
164
171
165
140
12
167
124
187
19
228
115
183
15
224
89
213
74
182
171
110
33
214
48
64
89
76
145
5
48
139
162
101
136
119
120
231
181
114
127
103
161
99
20
208
117
113
157
148
106
111
210
92
90
3
26
38
186
76
141
99
125
184
177
4
181
58
185
54
69
232
199
16
21
211
47
76
241
168
60
91
143
28
159
43
59
133
28
83
76
131
111
91
131
88
68
205
44
51
216
208
171
175
87
221
23
100
252
169
18
63
172
118
114
66
166
50
230
52
6
209
252
240
194
5
234
224
191
111
165
99
156
57
183
175
17
79
129
200
232
50
153
53
157
253
110
76
176
69
97
107
136
229
32
