#data for time 100.00  -9.000000	  0.000001
  -8.901825	  0.000001
  -8.803650	  0.000001
  -8.705476	  0.000001
  -8.607301	  0.000002
  -8.509126	  0.000002
  -8.410951	  0.000002
  -8.312777	  0.000003
  -8.214602	  0.000003
  -8.116427	  0.000004
  -8.018252	  0.000005
  -7.920078	  0.000006
  -7.821903	  0.000008
  -7.723728	  0.000009
  -7.625553	  0.000011
  -7.527378	  0.000014
  -7.429204	  0.000017
  -7.331029	  0.000020
  -7.232854	  0.000025
  -7.134679	  0.000030
  -7.036505	  0.000036
  -6.938330	  0.000044
  -6.840155	  0.000054
  -6.741980	  0.000065
  -6.643806	  0.000080
  -6.545631	  0.000097
  -6.447456	  0.000118
  -6.349281	  0.000144
  -6.251106	  0.000175
  -6.152932	  0.000213
  -6.054757	  0.000259
  -5.956582	  0.000315
  -5.858407	  0.000383
  -5.760233	  0.000466
  -5.662058	  0.000567
  -5.563883	  0.000689
  -5.465708	  0.000838
  -5.367533	  0.001020
  -5.269359	  0.001240
  -5.171184	  0.001508
  -5.073009	  0.001833
  -4.974834	  0.002228
  -4.876660	  0.002708
  -4.778485	  0.003289
  -4.680310	  0.003994
  -4.582135	  0.004848
  -4.483961	  0.005880
  -4.385786	  0.007128
  -4.287611	  0.008634
  -4.189436	  0.010448
  -4.091261	  0.012628
  -3.993087	  0.015241
  -3.894912	  0.018366
  -3.796737	  0.022087
  -3.698562	  0.026501
  -3.600388	  0.031712
  -3.502213	  0.037830
  -3.404038	  0.044969
  -3.305863	  0.053243
  -3.207689	  0.062758
  -3.109514	  0.073612
  -3.011339	  0.085888
  -2.913164	  0.099649
  -2.814989	  0.114937
  -2.716815	  0.131772
  -2.618640	  0.150153
  -2.520465	  0.170056
  -2.422290	  0.191445
  -2.324116	  0.214269
  -2.225941	  0.238465
  -2.127766	  0.263968
  -2.029591	  0.290706
  -1.931417	  0.318608
  -1.833242	  0.347603
  -1.735067	  0.377620
  -1.636892	  0.408593
  -1.538717	  0.440459
  -1.440543	  0.473158
  -1.342368	  0.506634
  -1.244193	  0.540835
  -1.146018	  0.575712
  -1.047844	  0.611221
  -0.949669	  0.647320
  -0.851494	  0.683972
  -0.753319	  0.721140
  -0.655145	  0.758792
  -0.556970	  0.796899
  -0.458795	  0.835432
  -0.360620	  0.874366
  -0.262445	  0.913677
  -0.164271	  0.953344
  -0.066096	  0.993346
   0.032079	  1.033664
   0.130254	  1.074281
   0.228428	  1.115182
   0.326603	  1.156350
   0.424778	  1.197772
   0.522953	  1.239435
   0.621128	  1.281327
   0.719302	  1.323437
   0.817477	  1.365754
   0.915652	  1.408268
   1.013827	  1.450970
   1.112001	  1.493852
   1.210176	  1.536904
   1.308351	  1.580120
   1.406526	  1.623493
   1.504700	  1.667015
   1.602875	  1.710680
   1.701050	  1.754482
   1.799225	  1.798415
   1.897400	  1.842474
   1.995574	  1.886654
   2.093749	  1.930949
   2.191924	  1.975355
   2.290099	  2.019864
   2.388273	  2.064472
   2.486448	  2.109171
   2.584623	  2.153949
   2.682798	  2.198791
   2.780972	  2.243671
   2.879147	  2.288543
   2.977322	  2.333327
   3.075497	  2.377880
   3.173672	  2.421936
   3.271846	  2.465011
   3.370021	  2.506206
   3.468196	  2.543831
   3.566371	  2.574887
   3.664545	  2.593187
   3.762720	  2.589792
   3.860895	  2.538674
   3.959070	  2.426230
   4.057244	  2.105981
   4.155419	  1.725696
   4.253594	  0.150539
   4.351769	  0.009417
   4.449944	  0.006912
   4.548118	  0.005618
   4.646293	  0.004594
   4.744468	  0.003761
   4.842643	  0.003081
   4.940817	  0.002525
   5.038992	  0.002071
   5.137167	  0.001699
   5.235342	  0.001394
   5.333516	  0.001144
   5.431691	  0.000939
   5.529866	  0.000771
   5.628041	  0.000633
   5.726216	  0.000520
   5.824390	  0.000427
   5.922565	  0.000351
   6.020740	  0.000288
   6.118915	  0.000237
   6.217089	  0.000195
   6.315264	  0.000160
   6.413439	  0.000131
   6.511614	  0.000108
   6.609788	  0.000089
   6.707963	  0.000073
   6.806138	  0.000060
   6.904313	  0.000049
   7.002488	  0.000040
   7.100662	  0.000033
   7.198837	  0.000027
   7.297012	  0.000022
   7.395187	  0.000018
   7.493361	  0.000015
   7.591536	  0.000012
   7.689711	  0.000010
   7.787886	  0.000008
   7.886061	  0.000007
   7.984235	  0.000006
   8.082410	  0.000005
   8.180585	  0.000004
   8.278760	  0.000003
   8.376934	  0.000003
   8.475109	  0.000002
   8.573284	  0.000002
   8.671459	  0.000001
   8.769633	  0.000001
   8.867808	  0.000001
   8.965983	  0.000000
